1100049
1100189
1100296
1100304
1100502
1100940
1101492
1503044
1506708
3116902
3130507
3137536
3142809
3150703
3306305
3515202
3515301
3520103
3522307
3522604
3534708
3537909
3541406
3542602
3548005
3554300
4100707
4105409
4106001
4107520
4108809
4111001
4113205
4113403
4113734
4117107
4117453
4123907
4125100
4126504
4127957
4300554
4302154
4304358
4304663
4305108
4308458
4309050
4312617
4313706
4314175
4317707
4322004
5001102
5002902
5002951
5003256
5005202
5005707
5007406
5007695
5007935
5101258
5101704
5101803
5101852
5102504
5102637
5102702
5103106
5103361
5103437
5103809
5103908
5103957
5104500
5105200
5105234
5105903
5106000
5106182
5106828
5107107
5107156
5107206
5107578
5107750
5107792
5107800
5107875
5107958
5108352
5201454
5201504
5203807
5204201
5204508
5204854
5205471
5211909
5212501
5212907
5213087
5214838
5215207
5219407
